20
120.064000 120.064000 120.064000
74.240000 0.000000 194.304000
-194.304000 -74.240000 0.000000
194.304000 74.240000 0.000000
-120.064000 120.064000 -120.064000
0.000000 -194.304000 -74.240000
-194.304000 74.240000 0.000000
120.064000 -120.064000 120.064000
-120.064000 120.064000 120.064000
-120.064000 -120.064000 120.064000
120.064000 -120.064000 -120.064000
74.240000 0.000000 -194.304000
-120.064000 -120.064000 -120.064000
0.000000 -194.304000 74.240000
0.000000 194.304000 -74.240000
-74.240000 0.000000 194.304000
194.304000 -74.240000 0.000000
-74.240000 0.000000 -194.304000
120.064000 120.064000 -120.064000
0.000000 194.304000 74.240000
60
10 14
14 8
8 2
2 16
16 10
7 5
5 15
15 20
20 9
9 7
13 6
6 14
14 10
10 3
3 13
7 3
3 13
13 18
18 5
5 7
17 11
11 12
12 19
19 4
4 17
20 9
9 16
16 2
2 1
1 20
17 8
8 2
2 1
1 4
4 17
6 13
13 18
18 12
12 11
11 6
19 15
15 5
5 18
18 12
12 19
17 11
11 6
6 14
14 8
8 17
3 7
7 9
9 16
16 10
10 3
20 1
1 4
4 19
19 15
15 20
