20
134.818606 25.068998 156.338035
100.838845 -118.265045 138.240835
-191.783118 -75.205781 -28.791463
191.783118 75.205781 28.791463
-136.700456 156.712401 0.548669
-8.923276 -99.130435 -182.644885
-192.946735 37.196364 68.217373
136.700456 -156.712401 -0.548669
-102.913016 1.582283 180.700027
-101.031166 -180.199116 23.813323
102.913016 -1.582283 -180.700027
46.159386 132.787747 -153.304753
-134.818606 -25.068998 -156.338035
11.968744 -195.053109 -71.250655
-11.968744 195.053109 71.250655
-46.159386 -132.787747 153.304753
192.946735 -37.196364 -68.217373
-100.838845 118.265045 -138.240835
101.031166 180.199116 -23.813323
8.923276 99.130435 182.644885
60
10 14
14 8
8 2
2 16
16 10
7 5
5 15
15 20
20 9
9 7
13 6
6 14
14 10
10 3
3 13
7 3
3 13
13 18
18 5
5 7
17 11
11 12
12 19
19 4
4 17
20 9
9 16
16 2
2 1
1 20
17 8
8 2
2 1
1 4
4 17
6 13
13 18
18 12
12 11
11 6
19 15
15 5
5 18
18 12
12 19
17 11
11 6
6 14
14 8
8 17
3 7
7 9
9 16
16 10
10 3
20 1
1 4
4 19
19 15
15 20
