8
1797700822952953249792.000000 1797700822952953249792.000000 1797700822952953249792.000000
1797700822952953249792.000000 1797700822952953249792.000000 -1797700822952953249792.000000
-1797700822952953249792.000000 1797700822952953249792.000000 -1797700822952953249792.000000
-1797700822952953249792.000000 1797700822952953249792.000000 1797700822952953249792.000000
1797700822952953249792.000000 -1797700822952953249792.000000 1797700822952953249792.000000
1797700822952953249792.000000 -1797700822952953249792.000000 -1797700822952953249792.000000
-1797700822952953249792.000000 -1797700822952953249792.000000 -1797700822952953249792.000000
-1797700822952953249792.000000 -1797700822952953249792.000000 1797700822952953249792.000000
12
1 5
2 6
3 7
4 8
1 4
2 3
5 8
6 7
3 4
1 2
5 6
8 7
